790537 794891
107637 77250
64994 32309
111154 57845
342839 341920
923608 920584
94054 16837
692474 690102
680299 674894
114973 126686
773408 772532
345771 348702
747096 741870
51978 16161
58127 90635
64601 21480
877805 877962
82970 40982
297344 296134
66331 89778
95664 85241
101298 56296
177844 181286
74097 57996
264766 258426
313708 317459
56968 37324
46650 58542
73236 11066
2692 9796
11223 90209
826360 826924
32227 38476
54280 75402
101238 35005
69343 58050
5932 38884
97943 36767
1014 25340
214330 221187
50288 93392
84065 105872
898543 900657
12637 42675
28728 28283
60141 70081
61284 83425
2812 98164
592721 592429
6152 64002
68193 23191
30065 21248
90355 110360
56871 68688
69810 90494
296622 293070
610716 609013
717126 716982
53934 110644
105560 107318
250265 254386
4747 74577
73431 10675
465247 463842
503962 502846
1989 61662
990479 984654
23862 12171
96755 13416
110163 43366
1155 53223
790937 791392
475579 467817
793122 789286
95566 50421
53252 5749
439364 451941
546431 545857
673618 675197
72259 82399
847627 846914
361203 360860
69337 47669
20132 98956
111148 57010
400368 396757
1738 82702
17759 29229
306699 307518
39180 66442
117690 120657
31249 72920
64265 87952
472520 467337
50483 94214
86570 27401
176681 183040
217365 218659
499104 498774
47151 95548
80494 84827
42969 17388
530657 530288
139412 141718
727012 728639
21605 37063
874512 874005
72979 89567
65432 56539
36731 31889
66568 111999
49015 85831
15901 8445
624541 623755
34976 85361
5556 5606
345205 353804
48801 36397
81633 92525
52915 28805
111250 53591
424265 422457
267809 266021
107895 68122
64180 93008
38933 30758
97562 5739
43013 12201
600568 598867
102113 53947
209570 209599
59561 96713
891553 891297
106362 108912
105899 63791
619463 617166
83287 87521
995804 994295
620036 614301
31791 45234
20958 13575
61689 64614
416102 418974
104895 56642
110729 10263
2710 56869
6538 62704
17196 984
1078 97297
83995 18608
85230 14773
98369 47515
44178 75092
328615 329809
118111 127470
103455 109016
898192 897659
66480 63893
1326 34645
91906 78581
454078 454671
74963 30031
111958 102936
1457 59615
262193 263010
1515 88262
913757 912580
39887 112758
93729 102513
685814 687568
31781 4568
71283 53789
81199 111506
96290 52318
123242 130408
68717 56735
87759 73065
669652 669519
79588 46246
75438 83910
70838 102918
735543 733079
86711 50836
32592 16148
44251 93443
99981 47922
50449 62780
7802 70583
345915 349132
80099 98195
342655 344141
343210 342465
70167 20971
106730 43396
800646 799679
22276 43341
12633 85927
53435 38115
499397 499562
50054 12790
